obj_refer = -76412.50394106825115159154
rho_refer = -0.00256641850389864763
tol = 1e-2
