obj = -76411.37993683169770520180
rho = -0.00257758058837191184
